93913'199.

Plautus. Plautus,

Bacchides Persa ¹

1,1,11(131) 131 111, 1311311) 113
111,8,11(131) 111 11,11,13(181) 113
lv, 4, 115 (111) 111) 11 (511) 111
Captivi 4, 18 (131) 141)
1, 1, 81 (183) 111 v, 9, 11 (311) 113

11, 1,13(111) 122 Poenulus
3, 94339) 191 111, 8, 33 138
111,1, 1(11ο) 111 31 13811111
v, 9, 1(311) 133 lv, 9, 11. 999
Casiua‚141‘icken 30 Anm. 39 31 141
prol, 99 111, , 33 133
13 111 V, 9, 81 311. 3311111*
11, 3, 13 131. 111 38 111

11,1,1 1981. Pseudulus
V, 1,1 139 1,1,1ο1(111) 113
3, 11 311 3, 13 (311) 111
Curculio 144 (378) 1311
11, 3, 11 (311) 111 1, 11 (4311) 138

ν,1,11(113) 199 11111111

Epidicus 11, 1, 8 (313) 133

111,3, 11 111 111, 5, 33 (818) 111
Menaechmi IV, 7, 111 (1136) 138
V, 1, 39 (731) 393 Sssichus

131-(1111) 111 11,1, 11 (311) 311
3, 13 (1133) 11 11,1,1(181) 3111.
Mercator 'l'riuummus
V, 9, 91 (399) 143 1, 9, 111 (11111. 1111.
Miles gloriosus 11, 4, 3 (401) 63
1,1,11 811 , 13131) 133
131. 183 131 (131) 13
111, 1, 18 (143) 111 181 (131) 113
1,13(813) 3991. 111,1,13(111) 131
lv, 3, 14 (1111) 140 9, 93 (111) 11
3, 19 (1911) 133 (11,1,1 1111.
Mostellaria · 1-11(811-11) 11111.
11,1,33(311) 149 9 11(311--31) 1181*
111, 1, 111 (181) 111 11, 11 (811. 11) 113
1, 11 (113) 111 1, 81 (331) 131
31 (111) 311 3, 13 (1311) 318
111 (813) 113 v, 1,1 (1113) 13 111,·
170 (357) 143 Truculentus
11,1,11(1113) 113 11,1,3 111
Persa 1,1,33(81)1. 173 31 127

 

